1440.求赋权图中一个结点到所有结点的最短路径的长度

时限：1000ms 内存限制：10000K  总时限：3000ms

描述
给一个赋权图（无向图），求0号结点到其余所有结点的最短路径的长度。
 
输入
先输入一个正整数n，然后输入赋权图的邻接矩阵（10000表示无穷大）
 
输出
按结点编号的顺序输出0号结点所有结点的最短路径的长度。
 
输入样例
6
0 1 4 10000 10000 10000
1 0 2 7 5 10000
4 2 0 10000 1 10000
10000 7 10000 0 3 2
10000 5 1 3 0 6
10000 10000 10000 2 6 0
 
输出样例
0 1 3 7 4 9



1504.用迪杰斯特拉算法求赋权图中的最短路径

时限：1000ms 内存限制：10000K  总时限：3000ms

描述
用迪杰斯特拉算法求一点到其余所有结点的最短路径。
 
输入
先输入一个小于100的正整数n，然后的n行输入图的邻接矩阵（10000表示无穷大，即两点之间没有边），最后输入两个0到n-1的整数表示两个点，
 
输出
用迪杰斯特拉算法求第一个点到其余所有结点的最短路径。
并输出这两个点之间的最短路径（按顺序输出最短路径上的每一个点，每个数据占一行）。
 
输入样例
4
0 2 10 10000
2 0 7 3
10 7 0 6
1000 3 6 0
0 2
 
输出样例
0
1
2


1505.用弗洛伊德算法求赋权图的两点间的最短路径的长度

时限：1000ms 内存限制：10000K  总时限：3000ms

描述
用弗洛伊德算法求任意两点间的最短路径的长度，
 
输入
先输入一个小于100的正整数n，然后的n行输入图的邻接矩阵（10000表示无穷大，即两点之间没有边），之后再输入一个小于100的正整数m，最后的m行每行输入两个不同的0到n-1之间的整数表示两个点，
 
输出
用弗洛伊德算法求任意两点间的最短路径的长度，并输出这些两个点之间的最短路径的长度。
 
输入样例
4
0 2 10 10000
2 0 7 3
10 7 0 6
1000 3 6 0
2
0 2
3 0
 
输出样例
9
5



1506.用弗洛伊德算法求赋权图的两点间的最短路径

时限：1000ms 内存限制：10000K  总时限：3000ms

描述
用弗洛伊德算法求任意两点间的最短路径，
 
输入
先输入一个小于100的正整数n，然后的n行输入图的邻接矩阵（10000表示无穷大，即两点之间没有边），之后再输入一个小于100的正整数m，最后的m行每行输入两个不同的0到n-1之间的整数表示两个点，
 
输出
用弗洛伊德算法求任意两点间的最短路径，并输出这些两个点之间的最短路径。
 
输入样例
4
0 2 10 10000
2 0 7 3
10 7 0 6
1000 3 6 0
2
0 2
3 0
 
输出样例
0
1
2
3
1
0


